1718971987
1817381478
1852534889
1107981423
544830069
543976545
1920298873
1667592992
1937007986
544106784
1931508077
175008107
1701670723
1635213600
1769414777
1763731572
1668247150
1701015141
1684955424
1634036768
1830839670
1769414757
1830840436
1769152633
1409971054
1629513064
1629516393
1853190002
1701650532
1769239328
1713400940
1936483685
1802071072
543236197
1701273955
1684947210
1987013664
1936269413
1937074720
543236212
1869439331
1634494069
1713399143
1998615151
544498024
1702061426
1701601901
1634869363
1629513063
1852399975
544166666
2032166505
1814066543
543520367
1814062445
1830843493
1869029477
1684947210
1853190688
1635213600
1700929657
1701998438
1797277984
175599470
1746958669
1953653093
544434464
1953723754
1869575200
1918985248
1869881451
1918984992
541657701
661545315
1701060724
1869771891
1752637561
1763734625
1948741235
1701344288
1141532018
1986620517
1830842981
1852383333
1830842228
1634082937
1225418100
659103846
1818304621
543518319
1633886281
1953459822
1952540704
541657701
661548900
1701060724
1987208563
1869881445
1986095136
1870209125
1867450997
1830825064
1836261497
543517801
544432503
1701536116
1869357166
1629513582
1225420647
541663334
544104803
1851877475
1226859879
1886349344
541663333
1702258030
1852514418
1225422703
1769239328
1881173100
1936942450
1970239776
1701585010
1919251572
1869881459
544828704
1936746860
1684947210
1701339936
1752394098
1701344288
1852383341
1918988320
1864397684
1701650534
1634235424
1634934900
544370550
1919252069
1768628345
1225421683
1970234144
661546092
1634082932
1629513059
1718184992
1769414757
1970235508
1870209140
1814065781
1952999273
1967262323
1818304628
1718558828
1634235424
1635197044
1769087091
1684369520
1634754848
1998615666
544105832
544567161
1969644914
543450483
1713401716
1952999273
544166666
1702257011
1970239776
1919033458
1752457573
541663276
1819044215
1953459744
1918984992
541657701
1852401780
541663339
1701077357
544500000
2037540214
1701602080
1493856865
1663071599
1684829551
544483182
1702125928
1869505824
543713141
1814065012
174421615
1948283721
544498024
1886418291
1684370287
544175136
1696621922
1735749486
1225408360
1819176736
1769414777
2032167027
1998615919
1852142181
1830843431
1919295609
1684956521
1701336074
541663342
1819635555
1969758308
2032170098
1763734895
1752440942
1852121189
541657700
1702258030
1818435698
1701669217
1869881444
543515168
1634934881
175402601
745041743
544828704
544110447
544432503
1768841570
1684367475
1852795936
1734418535
1950943855
1869575200
1752440939
1701060709
543716449
1746953839
543518831
1814065012
2032170085
1730180463
1867713135
1701995040
2032167777
1936881007
543583333
1767991137
544502638
1931508077
1701736308
1849756275
1886593124
2032170089
544372079
2037672304
544106784
1931508077
174880111
544567129
1702258030
1701716082
1684366437
2037276960
1818585120
1868106352
1869815925
1830839404
1970217061
1869881460
1986097952
1870209125
1702064757
1091200620
1226859630
1852798752
1814066215
1702130537
1869881454
1970239776
1752375410
174419297
544567129
544104818
2036430689
1870209068
1701980021
1819042080
1701344288
1835103008
1849756261
1936483687
1701407776
544175136
1885693291
1852793632
1819243124
1752125194
2037194796
1987013664
1635197029
1970282611
1752394094
1814062181
543649391
175073121
2032166473
1931507055
1819044212
1918984992
1868832869
544483182
1919252069
1952803872
543517984
2003791467
543574282
544567161
1818850419
1633886316
1679844722
1948741231
1702257952
1701585010
1701650548
1869507360
119